---
version: 2
money:
  linhbaka: 40061468.000000
  noobpvp2k3: 0
  boy_is_me1911: 37242.400000
  gumball_otaku: 0
  hiubadboy: 13628.200000
  niigayme: 29379.600000
  viseddiagram880: 0
  ahihiz: 927222092726272846875208974336.000000
  zlinccc: 0
  jakaypluginvn: 2000.000000
...
