---
skyblock:
  X: -358.606500
  "Y": 68.000000
  Z: 390.678900
  Yaw: 358.691284
  Pitch: 3.551895
...
