---
version: 2
money:
  linhbaka: 0.000000
  noobpvp2k3: 0
  boy_is_me1911: 306.000000
  gumball_otaku: 0
  hiubadboy: 0.000000
  niigayme: 0
  viseddiagram880: 0
  ahihiz: 92733739736364208.000000
  zlinccc: 0
  jakaypluginvn: 0
...
